selected_k=3
silhouette=0.966505
inertia=0.015575
