accuracy=1.000000
f1=1.000000
