accuracy=1.000000
precision=1.000000
recall=1.000000
f1=1.000000
auc=1.000000
